1.345261018606103793e-03
2.809525852807138735e-01
3.191758482044686901e-02
2.334369858953841068e-02
7.163057820946690420e-03
1.008327040021764903e-01
2.218959904519090046e-02
1.790954556504408728e-03
2.410848377803992068e-02
5.553494668204167484e-02
1.070115241975576250e-03
1.035103648725134717e-01
1.586099342664363046e-02
8.475854782878648741e-03
3.900595463550901847e-04
5.536190810645975624e-01
2.309648971230011671e-01
1.434390480918501976e-04
3.232767431413122172e-02
2.743299401438980406e-02
4.316281919368788328e-02
7.125340333807049032e-04
4.442498786903593955e-03
1.166470527369577875e-02
1.968294486068184190e-01
2.117654527942103571e-01
3.084605086318472633e-01
4.996352672026283526e-01
8.838479857913010551e-02
1.806159738101952017e-02
5.817443891608561901e-02
9.322244481141692685e-01
9.088465402390843995e-01
1.184552661931461831e-01
2.211412083149078348e-02
1.863738778993920134e-03
9.106357404182653312e-03
5.948833111052959956e-03
7.974686856481996364e-03
1.828373357752436923e-01
2.899327587866304401e-02
1.527045938783290566e-03
8.218927310945690901e-02
5.864564338809951510e-02
3.938580547510056075e-03
2.705464203533894940e-01
1.777602042774645286e-01
1.380299997171574068e-02
2.354079522815706333e-04
1.829586177426351448e-02
9.849039847561152916e-01
9.892535599316478745e-01
9.967745810240553617e-01
5.915429727123030501e-01
7.369979919947993174e-01
4.911358668634465685e-01
6.550490414512148696e-02
5.648508785963788359e-01
9.937047096725366568e-01
9.990880164674728059e-01
7.680310066132597369e-01
9.985995496920915260e-01
9.458781673637166598e-01
8.735717244294597394e-01
2.200671162999908448e-01
9.946606101594502869e-01
9.215890447583142686e-01
9.977110308239248715e-01
9.945679489669069229e-01
4.131849858129574282e-01
9.898966098267091285e-01
9.967219161214702083e-01
9.998249371625789195e-01
9.881765113239270315e-01
7.612642316321778235e-01
7.598659282980502194e-01
9.959116403489884917e-01
9.904456888639011636e-01
9.608702972441264256e-01
9.297029113399563061e-01
2.295480358749377170e-01
9.664733397141831439e-01
6.908506232179330020e-01
8.981950981439285053e-01
9.992210500280838126e-01
9.942491947615279546e-01
9.442409806595560839e-01
9.945723991740106351e-01
9.905588901508273203e-01
7.281471308049157765e-01
9.398187477668861201e-01
9.429751568374847848e-01
4.354567969794383431e-01
9.994614705987161507e-01
9.435173125299964880e-01
8.902726175446846746e-01
9.869587545513984761e-01
9.954498464177435890e-01
9.996325110530533964e-01
9.369800885471953888e-01
