3.847023724564393315e-02
4.586181428539324867e-01
6.485165598729064618e-01
1.269728480925577940e-01
1.515582113951021749e-02
3.052272107209448755e-03
4.909347258829036655e-15
5.881722691107261758e-01
1.437158667045875804e-01
2.221437300205069288e-03
4.825235030461005013e-03
1.530221444505147632e-01
4.410434356261899724e-04
2.507951578743050081e-01
6.871210149707208806e-06
5.985652172788835657e-02
1.561910766185519162e-01
6.519506697087370517e-01
2.461539570642037877e-01
3.054997756098284944e-02
1.039273186291709422e-02
4.176900749592748346e-02
6.210880032495413872e-01
5.630850877019304423e-01
9.785563364493964078e-02
1.862427798954124636e-01
9.089878452428576828e-04
2.953370124563872018e-02
2.773450770660611242e-02
1.667504026130298411e-01
2.350720229298227174e-02
2.060245444910429602e-01
5.140496735528662237e-02
1.509710413653073124e-01
7.692797356350328242e-02
3.506078998286226711e-01
5.036792528327273949e-02
9.633268147294777872e-01
3.854230655163818908e-01
9.807505629589857721e-02
1.784282111595648090e-01
9.371051879102089144e-01
2.315012776054707622e-01
1.135661930608819897e-01
1.191976861887983396e-06
5.941055646764376030e-02
4.426530144107569953e-01
7.138186779963789919e-02
6.138028084876644141e-02
6.344876439933639922e-01
8.145975723731969653e-01
5.227970612519965421e-01
6.070236453599953119e-01
9.139567220113281598e-01
7.768343758969711299e-01
9.938622845733319222e-01
5.969980577429055968e-01
5.604222511841695509e-01
8.856354197998236311e-01
9.127348867817558498e-01
9.616746502781317041e-01
8.744716876055921295e-01
3.452494415354931956e-01
9.902068678996915896e-01
9.349750830406556856e-01
9.729050662057874277e-01
9.460575050311047507e-01
7.606314139881422687e-01
8.000558167860756242e-01
9.410787813010053071e-01
9.953075884702344833e-01
6.920281683081487278e-01
9.081418265093976760e-01
8.714818190728800262e-01
9.475942470223718272e-01
9.375424731197016248e-01
9.908185412779373369e-01
9.263747636071616443e-01
9.895570191815981076e-01
6.040183144683942684e-01
3.051399884504747417e-01
9.946710424822889918e-01
9.009613362722933561e-01
9.867441368237227506e-01
9.012301276875327449e-01
9.656321404095666860e-01
9.693302021129862611e-01
9.135680378546332525e-01
9.356113024874181949e-01
8.652346337417977651e-01
5.955460078088160580e-01
8.233140875810895931e-01
7.916148187307067152e-01
8.243916471427358283e-01
9.214254091554988646e-01
9.422209250135740177e-01
9.649026350028632182e-01
9.255632972428585736e-01
9.461846561210363049e-01
8.293872866124603060e-01
