6.162391548903075472e-02
6.048796810421934733e-01
6.053557841229255665e-01
1.150513690437632019e-01
9.795695982369656551e-02
1.905903343325632618e-02
3.871935330042448852e-08
5.272944974434786714e-01
1.071641904732895806e-01
2.238367552464370913e-02
1.133818401659232589e-01
1.322096958539943079e-01
6.894627907741284444e-03
2.979540998265430285e-01
3.119748105052685613e-03
6.957643340269388521e-02
2.480807931599826877e-01
6.690340108127049712e-01
6.571842329756416579e-01
8.227551692333999467e-02
5.158042529944300431e-02
4.680143614011716274e-02
5.689821863695566639e-01
6.439194139567870900e-01
1.346114521751586857e-01
3.293513310152705320e-01
1.553648531541609867e-02
3.272176637052442300e-02
2.963069974300985496e-02
1.972130872159480186e-01
3.299479026391386599e-02
1.847281451100412641e-01
5.104753564547642036e-02
2.516936724491150024e-01
4.053097681124289697e-01
5.007484866558070680e-01
6.880660175541694623e-02
9.451180029015401329e-01
3.169660334385233091e-01
8.599453265069392782e-02
2.846877471988986663e-01
9.152471216280426702e-01
1.977353923890417253e-01
1.343264358888903998e-01
7.939159092392293355e-04
5.778242549591141447e-02
4.240560689444518583e-01
9.402456921319847505e-02
7.690604985149450401e-02
6.168790916165547422e-01
8.909570174091588912e-01
3.956286568812479865e-01
7.609474808329912410e-01
8.343763411288295240e-01
7.273790799991554090e-01
9.860844854720661745e-01
5.385272598199712935e-01
4.893947412286390186e-01
8.166151050477167272e-01
8.877056439274936261e-01
9.317912528482403811e-01
8.255501356163149618e-01
2.597038690571766839e-01
9.790245634104652872e-01
9.156122032100030284e-01
9.419300737527566136e-01
9.101277070210082032e-01
8.270696437726551276e-01
6.881942526489723821e-01
9.182383228946934262e-01
9.910488696733732450e-01
5.662167894596243922e-01
8.443637702663909783e-01
7.792128150709310974e-01
9.102252996054605028e-01
9.319032736499702763e-01
9.769546346480695309e-01
8.586693531147111536e-01
9.830833045893428990e-01
4.748240518419737932e-01
2.275697924237363445e-01
9.950244500848012263e-01
8.824186277671459688e-01
9.752987402038501008e-01
8.257180666971670746e-01
9.407480118178405126e-01
9.419868846814294372e-01
8.530695142675525089e-01
8.902760775467879473e-01
9.307810731353816092e-01
4.645490332292922520e-01
7.525980650207813039e-01
7.167322393843699180e-01
7.660901080304064470e-01
8.790764865208450241e-01
8.859814324756642989e-01
9.226029691285434486e-01
8.745839080203953175e-01
9.501455362742668997e-01
7.261190624832040141e-01
