1.281251906879362912e-01
1.726280947900311316e-04
2.606736277822829480e-05
6.696183019783503640e-05
2.102302420074225091e-04
2.092888623656041953e-03
5.703570786236277510e-04
5.607811587520130044e-08
5.839417360394836328e-04
4.059833714261332300e-06
1.085993324249642051e-04
2.949780126228655828e-04
1.862019520877367411e-03
3.459228850121186835e-04
4.731772197898754474e-06
8.443283071570943654e-02
2.056114588161670124e-05
1.436798066005724339e-05
2.056242969699096854e-03
1.486156380332197017e-06
6.688798093686761593e-07
8.804507357693408141e-04
4.801571123227033207e-04
1.146813405322031146e-02
1.369792936213981429e-07
4.242106319055374310e-08
2.321340197411225995e-05
1.685932576161117136e-02
1.583168680070384790e-05
9.293945121896100003e-01
4.146542234500545307e-03
2.766349754917755402e-05
8.665205725381252889e-07
1.299005412754951652e-05
5.470809493529722387e-03
1.126328030783594432e-03
3.172328347379959473e-02
4.271652182593267399e-01
4.486191176569598673e-05
1.106512351103070283e-05
1.031036516446154870e-03
2.448313622931032267e-05
1.994413615363445176e-06
3.157749733132246377e-03
5.533192506575812855e-05
3.753243705446505322e-03
2.468412956583393454e-06
2.752346920913974858e-08
1.703736391945176313e-04
9.586992886019114479e-01
1.276076600121263350e-03
2.766457628210253206e-02
8.692100310257515623e-06
1.430845624289285882e-03
1.460547220459124801e-02
6.612631934700242159e-07
5.372313286692908868e-04
7.193710322697642340e-04
1.163975216712088197e-03
1.116351989758339487e-04
3.354781025382504622e-04
2.548862738486648466e-05
7.520471297701558644e-01
9.974952179694982490e-01
9.707078106578709287e-01
8.011184263435811026e-01
7.794146783880863127e-01
9.928068652192004739e-01
9.444963839284906681e-01
9.995912465006655534e-01
9.999631897050801355e-01
9.987757341286130908e-01
9.971670611073066848e-01
9.813085763320267274e-01
9.957093519623992917e-01
7.462509046262796319e-01
9.829993938359516958e-01
9.795258644064005482e-01
9.985516805195399082e-01
5.074758521646546283e-01
9.927710455818585800e-01
9.999650660613490505e-01
9.986710626295229876e-01
9.926976646662046821e-01
9.611373148483743911e-01
6.592806569146330009e-01
9.889545459814721440e-01
9.964442533002484392e-01
9.998440653617477469e-01
9.838096554951337724e-01
8.025539466654815213e-01
9.928234708849454915e-01
9.573745381432632318e-01
9.957447016600062817e-01
9.521114253350343448e-01
9.998327333670843364e-01
9.986982121108842758e-01
9.244097353228658553e-01
9.997098208684113141e-01
9.994203349063750519e-01
9.998633803097415340e-01
9.852382726030877169e-01
9.798792307939800938e-01
9.993518443824728203e-01
6.810846225063282855e-01
9.873447885583715999e-01
9.744878565070166365e-01
9.985506373589174700e-01
9.292691306120171024e-01
9.193138542792392842e-01
9.994133555738909935e-01
8.710769672651622608e-01
9.923617924755320230e-01
9.112955121152945814e-01
5.307463344956082629e-01
9.942904914237448155e-01
9.992069690904469281e-01
9.047915993917680089e-01
9.992971372403428587e-01
9.876685087694868637e-01
9.661677673583604076e-01
9.902797281192179391e-01
9.085827643135716558e-01
9.990394451968191980e-01
