4.143067994890461958e-03
2.412686675337141935e-03
1.175557530372794545e-03
2.550766094033617148e-03
9.507595702148994091e-03
5.032505270906044610e-03
3.555321963437318988e-02
1.864152337584617375e-02
1.496125681791015023e-02
5.512340864509657212e-02
8.381799787519215311e-03
1.435720222978125078e-02
2.214107735761947429e-02
2.897057817172152619e-03
1.179166017520761299e-02
1.277275865596459031e-02
1.264402401189825692e-02
9.196681319629532864e-03
1.754176981907374921e-01
5.756679069722259873e-02
1.299848180984634546e-02
7.865005384199919014e-02
1.149157486798145084e-01
2.294136657802647427e-03
1.668377790838785138e-02
5.882692065413734454e-03
1.267285236579476955e-02
1.230304210365299189e-01
8.324926018564354768e-03
1.959936354711470929e-03
3.646571928634725207e-02
5.646891156857582889e-02
1.508440384073499348e-02
5.946353661339872114e-04
8.891973015233820346e-03
3.456261586946459546e-02
2.396030251645439244e-02
2.270360237746137100e-01
1.348843579073910528e-03
2.766191654855181242e-03
1.219218095157334307e-02
2.298553811019816030e-03
7.865705478851072905e-04
4.385802690116820737e-03
5.732187699876244158e-02
1.555556980133763860e-02
4.647897739772611884e-03
3.191925094008645891e-03
1.865786204515881581e-03
5.553640999264877753e-03
7.202821704127081170e-03
2.820883032174139379e-03
5.129903934333272970e-03
3.690457793484165378e-03
1.607188376098672364e-02
3.463273827565419190e-03
8.833887145406548250e-03
2.598616885822591788e-02
1.813202364424953278e-02
2.567923431238181356e-02
1.039648865188040616e-02
1.230075913437379733e-03
2.413032732141428272e-01
3.353065386305937867e-01
2.302137519747595173e-01
2.504217327855872144e-01
2.037403656585873024e-01
2.319939253378571764e-01
1.694787872574693155e-01
3.314979779444279795e-01
6.967720809902394619e-02
1.111190924448678674e-01
1.240087023298550029e-01
2.018671116276525568e-01
9.731881053000210335e-02
1.280899223460871816e-01
2.876018268771576847e-01
1.184703132726229874e-01
1.242364607905330487e-01
1.999246703323338814e-01
1.172187568674381147e-01
1.704019238856793461e-01
2.295963316148883215e-01
2.711202103488158377e-01
2.808401185060522831e-01
1.307492523234279058e-01
1.745684911351305380e-01
1.236440335938174678e-01
3.095759315843114590e-01
1.696800566565059842e-01
2.157274992004546144e-01
1.784299723408400706e-01
1.733561001944919078e-01
2.136599104250869463e-01
1.470525412042889557e-01
1.780441517084156988e-01
1.217670158842502903e-01
1.788408011234292327e-01
1.882867055678132950e-01
8.714334290590962373e-02
2.761585429447569462e-01
1.117006914151086883e-01
9.067696397516361584e-02
2.910147036635923889e-01
1.375026562071331726e-01
1.837253540942380137e-01
1.057846925455031978e-01
1.958864934150341131e-01
1.605954483658209864e-01
1.632164427254343408e-01
1.125278918590290889e-01
1.616181406380408914e-01
1.945489934400330412e-01
1.162914389906967438e-01
1.675321294267984040e-01
1.419651925845041851e-01
1.902929730623421911e-01
2.273719030196355850e-01
2.566235419310793908e-01
1.129814120034513397e-01
7.290068602886051741e-02
1.212179063582833893e-01
1.284098981226836078e-01
1.816910230033776663e-01
