1.128717852850549264e-01
-8.786025693911323486e-01
7.544993703391900119e-01
1.593738509299226225e-01
8.569827941432931473e-01
2.765178145561497658e-01
1.616036736974115207e-01
9.298183462773770280e-01
9.919610863872545536e-01
8.816572059573322129e-01
1.029915855922767687e+00
7.787664443968771166e-03
-6.772094280928726562e-01
4.887214401641415407e-01
-1.136473494732257450e-01
6.463822480702745565e-01
4.656894174173697998e-01
7.497799912087383944e-01
-6.528419016381228346e-01
-5.690773717801036469e-01
-2.316783387595879873e-01
-5.682710834146362799e-01
1.281419119115483340e-01
-8.325204969744088856e-01
-9.135833241342670163e-01
-9.108193393906267588e-01
-5.506163770339966845e-01
-5.867420294394598557e-01
-6.133110326860204964e-01
6.808697294485774876e-01
5.097513798250201678e-01
1.059286849160285593e+00
2.015630330421096517e-01
-9.476261440529398783e-02
3.748339123004384987e-01
9.206562367530821689e-01
1.002103904843920645e-01
7.495659541189330088e-01
-4.777620609781543237e-01
6.824872628439090372e-01
-5.201614280863608997e-01
-1.569012063321046924e-01
-2.180318199401876100e-01
-6.130301148405461475e-01
3.688637356452737492e-01
9.357476583853068242e-01
7.394897841500448488e-01
4.497553344918293616e-01
9.203059789571877980e-01
-7.320623763857003752e-01
8.690436292141732189e-01
6.779930309230012275e-01
-9.198633193483818360e-02
-8.598227030310271607e-03
3.110366279470136996e-01
2.677211110196445198e-01
4.473783888281918641e-01
-9.942566653101752028e-01
-5.183727207622581545e-01
1.024491887518075295e+00
1.037869635027103499e+00
-5.483813149378478080e-01
-8.969824662549132910e-01
-2.627921009861644563e-01
8.821609539020176527e-01
5.522054299023917423e-01
8.973083096955347671e-01
-5.584730907404487077e-01
5.350337836173642003e-01
6.607217891341314875e-01
-6.650366892145278541e-01
1.244561016157824662e-01
-8.909614677860737686e-01
9.358778323932215315e-01
7.063108031406208909e-01
5.430135285479000817e-01
2.853690108859812113e-01
-9.478587568495053794e-01
2.328278737470783621e-01
1.147216372604263346e-01
2.116375172029509866e-01
-7.167712665357903745e-01
-9.249301804989773501e-01
5.488539993013361595e-01
-1.932463936694599482e-01
-8.458850707341838415e-01
-2.586093840233107954e-01
7.563953826429248295e-01
9.123295701672100577e-01
-4.993063452187804785e-01
-7.953794783157039916e-01
-3.766062530223805993e-01
8.695184130838864434e-01
3.552748692153835652e-02
1.057574759859885916e+00
2.248451836602640697e-01
-8.763423434982531290e-02
-8.751001842058316882e-01
-9.845812143738181810e-01
6.841048570786303351e-01
-7.645767596787349518e-01
6.308163394192164986e-02
9.130504691890846125e-01
3.061040103096700493e-01
8.013395958832818522e-01
-9.791399262459385966e-01
-5.515919499010997207e-01
-2.704720596422198753e-01
7.546908664749700790e-01
-8.092745005816741610e-01
4.448485282656555739e-02
-8.880827438923937223e-01
4.949296084624048575e-01
6.769527155860977086e-01
-9.128144064473779906e-01
-8.964110229681150344e-01
4.041026092463750885e-01
1.149506285225250224e-01
4.039584051596989411e-03
5.127154094055441647e-01
-4.341715981881097974e-01
1.862092281686744677e-01
2.041879073350116869e-02
-3.285379467957021404e-01
3.055276777715638659e-01
-2.559600306317264540e-01
-4.197806381654132224e-01
5.987961187830224130e-01
-7.943543381171211948e-01
1.053776934988666536e+00
1.783133761898202385e-01
1.554559378537061498e-01
-3.283140269366171538e-01
2.052158582295469103e-01
4.491976060380561964e-02
1.462033375015396319e-01
-9.356877161639083340e-01
-8.247470137365180420e-01
9.102449628614524002e-01
1.026582861134434310e+00
-5.973163230591786999e-01
-9.747447408745015807e-01
7.157163812117317558e-01
8.576152467850652883e-01
-5.514188389494645293e-01
-7.207485272457603287e-01
2.680612294083650760e-01
-7.093745091026946170e-01
-7.591938601527510322e-01
4.082553006714544352e-01
-9.853975605035820706e-01
-7.739555654315033451e-01
4.831726780359444362e-01
5.290849021150414444e-01
9.313304355784715050e-01
-7.190956477000440827e-01
-6.269654025682456222e-01
4.851354575894183396e-01
4.659932890637108471e-01
2.730176336564961725e-01
9.538825963615416015e-02
-2.394386548586266983e-01
9.797815045337532336e-01
6.645270457861543467e-02
6.153249177645871981e-01
-9.317982510091544768e-01
-6.948467575888592762e-01
-3.008789422384623435e-01
9.425318768936025160e-01
-6.724345646838392199e-01
1.627475589276841106e-01
8.861893381960292970e-01
5.126162222081589448e-01
4.574917787588352880e-01
7.819842776826246844e-01
-7.106431986745249674e-01
-1.916562874376523951e-01
7.534745872532740973e-01
-1.344748840049829752e-01
-6.708886636250532831e-01
4.450276657862591023e-02
3.300845806269094851e-01
-6.354322552496292076e-01
7.562689265095488000e-01
2.546356265892661952e-01
-8.420310856716231029e-01
-9.555837796308050969e-01
4.196287920478578570e-01
-6.365406748782582724e-01
2.939017104531724267e-01
7.735346267750529137e-01
-9.718890132743585042e-01
3.302352775897077208e-02
8.225236740303998317e-01
6.862268197774543665e-01
3.015216248422185608e-01
1.364432649846213375e-01
-5.928198080723596775e-01
3.132801851386872727e-01
1.038496552847705257e+00
